 0: 150 137  10  80 245  70 145 154  31 116 162
 1: 252  77  21 117 143  92 140 158 206   6  27
 2:  59  51
 3: 159 127 264
 4: 183  18 116  28
 5: 178  48  36 251  57 193 138 203  67  16 256 156
 6: 203  73  72 106
 7: 104 122  63 169
 8: 110  97 189 231
 9: 208  81  18   8 113 132 214  37 260  19  75 130
10:  53 146 199 100  70 145 154  31  39  88 191  30
11:  62  44   6
12: 120 212 187 240  43 226 167 230 211 189 264 276
13: 139  76 179 108  66  23 258 180 153 194  42 169
14:  86  71 249  73 177 267 144  82 148 216  24  55
15: 114   8 271
16:  13  27
17: 101 141 273 219  85  61 121   4 235 122 149   2
18:  83 107  94 136 131 253  90 234 252  77  21 117 143 223 115
19:  11 254 198 244
20:  52
21:   3 186 272 281 221 269  20 187 240  43 171 118 103 266 247  37 260  19
22:  89 237  22 250   5   1  95  33 232  11 205 239
23: 129  14 185 168 225 135 280  91 218 198 241  51
24: 126  59  40 227 190 229  64 111 151 243 242 244
25: 164
26: 175 124 162
27:  15 204 263 181 215  34 201 119   9  72 196  79
28: 178  48  36 112 270   7  47  87  15 204 263 181 215 256 156
29:   3  32 186  65 221  29 170 210 142 110 127
30: 208  81  49  78 200   0  98  50 275  84  75 130
31:  16  79
32: 281 272 269 259 236  49  78 200   0  97 271  12
33:  83 107  94 192  58  25 134  74  62  13 223 115
34: 222 279 213  69  61 121   4 235 180 153 194  42
35: 136 131 253  90 234 255 197  26  56 157  44 164
36: 157 206 166  74
37: 239 195
38:  76  17
39: 251  57 193 138 278  45 173 228  34 201 119   9
40: 102 220 277 261  93 207 123  99 188 106  54 125
41: 276
42:  54 177 205
43: 105  53 146 199 100 166 124 176  68 274  41
44:  86  71 249 207 123  99 188   1  95  33 232  55
45:  32  65 259 236 120 212 182 246  35 160 214 132
46: 125 267
47: 128  12
48: 126 209 241
49:  60 165 238  38 135 280  91 218 111 151 243 242
50:   2 161
51: 224 202 147 163 265  60 165 238  38 254 209 195
52: 159 128 266  35 160 247  20 152 184 257 231
53:  96 217 172 268 133  39  88 191  30 183 175  52
54: 113
55: 139 149  46
56: 224 202 147 163 265 129  14 185 168 225  40 227 190 229  64
57: 105 150 137  10  80 245  96 217 172 268 133 176  68 274  41
58: 192  58  25 134 255 197  26  56  92 140 158
59: 174 233 109 262 248 101 141 273 219  85 179 108  66  23 258
60: 182 171 118 246 103  98  50 275  84  28 114
61:  67 196 155
62: 174 233 109 262 248 222 279 213  69 104  46 161
63: 102 220 277 261  93  89 237  22 250   5 144  82 148 216  24
64: 112 270   7  47  87 278  45 173 228  63 155  17
65:  29 170 210 142 226 167 230 211 152 184 257
