 0: 132  51 102 113
 1:  30  63  92  14 128  11   6 136  91  96  25  83
 2: 105 124  60  63  64 101 108  85 132  75
 3:   7  97 117 122  46 134   1  62  73  52 118  12 123  65 116  78
 4:  19  32   0  68  25  77 110  48 100 113
 5:  61  94 103   2 119  17
 6:  34  66  45  79  58  33  15  36  83  84 125  17
 7:  76  64 131  35  10  40  44  53 121  70  77  84
 8:  72 101  88  38 120  67  50  21 126  74 110 125
 9:  49  99  87  71  14  35  38  94  47  22  24  41
10:  16 129  82   3
11:  46 134   1  62  91 121 126 119 133   3  43 107
12:  56  31  28
13:  41 130
14: 108 114  98 106 104  48
15: 111  43 135
16:  73  52 118  12  96  70  74 104  27  82  31   8
17:  81   5   4  26 105 124  60  55  69  57  29  19  32   0  68  75
18:  34 127  47  59  42 133
19:  55  69  57  29   6  44  50 106  18 102
20:  22  95 109  66
21:  49  99  87  71  90  20 115  37 112   9  39  93  58  33  15  36
22:  79  23
23:  30  76  72  61 127 129 135  13 123  65 116  78
24: 107  13
25:  86   8
26:  85  89  80  18  27 100
27:   7  97 117 122  11  40  67  98  80  16  56  86
28:  90  20 115  37 128  10 120 103  59 109 111  23
29:  81   5   4  26  92 131  88 114  89  51  28
30:  24  45  54
31: 112   9  39  93 136  53  21   2  42  95  54 130
